
HIDDEN_0: 0.3238415;0.1309551;-0.1791195;-0.96015;
HIDDEN_1: -0.9660873;0.3677482;0.1496176;-0.542738;
HIDDEN_2: 0.6973095;0.5047197;-0.223307;-0.3873452;

HIDDEN_0: 0.2369143;-0.1187171;0.8933029;-0.6866133;
HIDDEN_1: 0.3660817;0.7591503;0.6712646;-0.4579533;
HIDDEN_2: 0.6472063;0.2954805;-0.5445802;0.3841538;

HIDDEN_0: -0.447486;0.4240055;0.347403;-0.6293089;
HIDDEN_1: 0.3241896;0.7331443;-0.506068;-0.3621694;
HIDDEN_2: 0.7648373;-0.6786709;0.1458579;-0.8891222;

HIDDEN_0: 0.4113345;-0.5481956;-0.182943;0.7870145;
HIDDEN_1: 0.884918;0.7714868;0.5472097;-0.8147948;
HIDDEN_2: -0.6734092;-0.6217706;0.2054394;-0.3823012;

HIDDEN_0: 0.4781437;-0.4393972;0.8438683;0.04687607;
HIDDEN_1: 0.6518893;-0.6775215;0.9086607;-0.3865846;
HIDDEN_2: 0.9088662;-0.1735033;0.3662402;-0.1550695;

HIDDEN_0: 0.8119643;-0.9949472;0.5813189;-0.4003145;
HIDDEN_1: -0.1623718;-0.8742826;0.7174056;-0.7918196;
HIDDEN_2: 0.6980636;0.827975;-0.6575427;-0.8901975;

HIDDEN_0: -0.4264113;-0.005756497;-0.8743479;-0.2398139;
HIDDEN_1: 0.7655532;-0.8280761;0.8380907;0.3292358;
HIDDEN_2: -0.0005942583;0.1251618;-0.8134468;0.02717865;

HIDDEN_0: 0.9822352;-0.4949347;0.1021892;-0.4358214;
HIDDEN_1: -0.2912828;0.5118091;-0.337433;-0.5151467;
HIDDEN_2: 0.8954732;-0.7003486;-0.8713512;0.08818042;

HIDDEN_0: 0.3917255;0.84958;-0.8640285;-0.443276;
HIDDEN_1: 0.6993532;0.2143103;0.9545817;-0.8208692;
HIDDEN_2: 0.3171003;-0.4752678;0.05711925;-0.2041188;

HIDDEN_0: -0.5943677;0.6796651;-0.9708722;-0.3230428;
HIDDEN_1: 0.8213871;0.4358344;-0.1390172;0.2936482;
HIDDEN_2: 0.6559582;-0.6508512;-0.7325392;-0.9563515;

